Encoded input data is [[0.0000000e+00 0.0000000e+00 1.0000000e+00 1.6534920e+05 1.3689780e+05
  4.7178410e+05]
 [1.0000000e+00 0.0000000e+00 0.0000000e+00 1.6259770e+05 1.5137759e+05
  4.4389853e+05]
 [0.0000000e+00 1.0000000e+00 0.0000000e+00 1.5344151e+05 1.0114555e+05
  4.0793454e+05]
 ...
 [1.0000000e+00 0.0000000e+00 0.0000000e+00 1.0027547e+05 2.4192631e+05
  2.2714282e+05]
 [1.0000000e+00 0.0000000e+00 0.0000000e+00 1.2845623e+05 3.2165214e+05
  2.8169232e+05]
 [0.0000000e+00 0.0000000e+00 1.0000000e+00 1.6118172e+05 2.7093986e+05
  2.9544217e+05]]
Coefficient m is : [-8.80536598e+02 -6.98169073e+02  5.25845857e-01  8.44390881e-01
  1.07574255e-01]
Intercept c is : -51035.2297240443
Cost function: 0.9112695892268861
